Phone timestamp;HR [bpm];HRV [ms];Breathing interval [rpm];
2025-11-24T17:35:10.544;89
2025-11-24T17:35:11.492;88
2025-11-24T17:35:12.533;89;13,8
2025-11-24T17:35:13.492;90;13,5
2025-11-24T17:35:14.535;91;11,4
2025-11-24T17:35:15.534;91;12,6
2025-11-24T17:35:16.534;91;13,8
2025-11-24T17:35:17.492;89;12,7
2025-11-24T17:35:18.492;89;12,8
2025-11-24T17:35:19.494;88;11,8
2025-11-24T17:35:20.494;89;15,4
2025-11-24T17:35:21.493;91;16,2
2025-11-24T17:35:22.493;93;15,7
2025-11-24T17:35:23.533;94;15,3
2025-11-24T17:35:24.494;94;15,3
2025-11-24T17:35:25.536;94;15,5
2025-11-24T17:35:26.494;92;15,0
2025-11-24T17:35:27.494;92;14,5
2025-11-24T17:35:28.495;92;14,6
2025-11-24T17:35:29.495;94;14,7
2025-11-24T17:35:30.533;95;14,8
2025-11-24T17:35:31.495;97;14,0
2025-11-24T17:35:32.533;97;13,8
2025-11-24T17:35:33.494;96;14,2
2025-11-24T17:35:34.494;89;22,1
2025-11-24T17:35:35.500;81;31,9
2025-11-24T17:35:36.677;80;31,9
2025-11-24T17:35:37.895;80;33,4
2025-11-24T17:35:38.704;81;33,9
2025-11-24T17:35:39.513;83;35,2
2025-11-24T17:35:41.540;90;34,9
2025-11-24T17:35:41.542;92;34,9
2025-11-24T17:35:42.754;94;34,9
2025-11-24T17:35:43.565;95;34,9
2025-11-24T17:35:44.781;87;43,4
2025-11-24T17:35:45.586;86;43,3
2025-11-24T17:35:46.804;84;43,6
2025-11-24T17:35:48.424;82;43,7
2025-11-24T17:35:48.830;82;44,0
2025-11-24T17:35:49.639;82;44,7
2025-11-24T17:35:50.853;85;45,6
2025-11-24T17:35:51.660;87;45,6
2025-11-24T17:35:52.880;89;45,6
2025-11-24T17:35:53.690;88;46,4
2025-11-24T17:35:54.498;88;36,3
2025-11-24T17:35:55.713;88;36,3
2025-11-24T17:35:56.522;88;36,3
2025-11-24T17:35:58.143;88;34,8
2025-11-24T17:35:58.550;87;34,8
2025-11-24T17:35:59.765;86;33,1
2025-11-24T17:36:00.572;86;32,9
2025-11-24T17:36:01.789;87;32,5
2025-11-24T17:36:02.601;87;32,7
2025-11-24T17:36:03.815;89;31,4
2025-11-24T17:36:05.432;90;19,8
2025-11-24T17:36:05.838;91;19,4
2025-11-24T17:36:06.647;92;19,4
2025-11-24T17:36:08.268;94;19,1
2025-11-24T17:36:08.669;93;18,9
2025-11-24T17:36:09.889;90;16,6
2025-11-24T17:36:11.104;90;15,9
2025-11-24T17:36:11.508;89;15,8
2025-11-24T17:36:12.723;89;15,8
2025-11-24T17:36:13.535;89;13,1
2025-11-24T17:36:14.749;89;13,5
2025-11-24T17:36:16.772;90;13,4
2025-11-24T17:36:16.774;90;13,4
2025-11-24T17:36:17.584;90;12,1
2025-11-24T17:36:19.204;91;12,2
2025-11-24T17:36:19.605;92;12,5
2025-11-24T17:36:20.823;92;12,5
2025-11-24T17:36:21.635;92;11,8
2025-11-24T17:36:22.847;91;14,1
2025-11-24T17:36:24.065;89;13,9
2025-11-24T17:36:24.873;89;14,3
2025-11-24T17:36:26.089;88;14,1
2025-11-24T17:36:26.899;86;14,1
2025-11-24T17:36:27.708;86;13,8
2025-11-24T17:36:28.922;87;13,4
2025-11-24T17:36:29.734;90;15,3
2025-11-24T17:36:30.544;93;15,6
2025-11-24T17:36:31.759;94;15,6
2025-11-24T17:36:32.569;93;17,4
2025-11-24T17:36:34.593;93;17,0
2025-11-24T17:36:34.596;93;17,3
2025-11-24T17:36:35.810;93;17,3
2025-11-24T17:36:37.024;95;17,5
2025-11-24T17:36:37.834;95;17,5
2025-11-24T17:36:38.643;93;19,1
2025-11-24T17:36:39.858;91;20,6
2025-11-24T17:36:40.666;90;20,4
2025-11-24T17:36:41.885;90;19,9
2025-11-24T17:36:43.099;91;21,3
2025-11-24T17:36:43.500;92;21,0
2025-11-24T17:36:44.720;93;21,0
2025-11-24T17:36:45.528;90;23,6
2025-11-24T17:36:46.744;88;25,9
2025-11-24T17:36:47.555;86;24,8
2025-11-24T17:36:48.772;86;25,2
2025-11-24T17:36:49.576;87;25,7
2025-11-24T17:36:50.794;87;25,7
2025-11-24T17:36:52.008;87;25,8
2025-11-24T17:36:52.819;86;24,4
2025-11-24T17:36:54.843;86;24,4
2025-11-24T17:36:54.845;88;24,7
2025-11-24T17:36:55.647;88;24,6
2025-11-24T17:36:56.867;89;24,5
2025-11-24T17:36:57.679;86;31,5
2025-11-24T17:36:58.893;85;31,5
2025-11-24T17:36:59.703;84;29,9
2025-11-24T17:37:01.324;84;31,1
2025-11-24T17:37:02.133;86;31,6
2025-11-24T17:37:02.943;87;31,1
2025-11-24T17:37:03.749;87;31,1
2025-11-24T17:37:04.968;87;31,9
2025-11-24T17:37:06.590;86;30,0
2025-11-24T17:37:06.592;87;28,5
2025-11-24T17:37:07.803;89;29,2
2025-11-24T17:37:10.637;90;28,3
2025-11-24T17:37:10.641;90;27,3
2025-11-24T17:37:10.643;89;28,7
2025-11-24T17:37:11.855;88;28,6
2025-11-24T17:37:12.660;88;28,7
2025-11-24T17:37:13.875;89;29,0
2025-11-24T17:37:15.093;89;28,7
2025-11-24T17:37:15.500;90;28,8
2025-11-24T17:37:16.713;91;28,8
2025-11-24T17:37:18.744;93;21,3
2025-11-24T17:37:18.747;94;20,6
2025-11-24T17:37:20.358;95;18,8
2025-11-24T17:37:20.757;95;17,2
2025-11-24T17:37:21.573;94;18,0
2025-11-24T17:37:22.787;92;19,0
2025-11-24T17:37:23.595;90;16,9
2025-11-24T17:37:24.814;90;17,6
2025-11-24T17:37:25.624;91;16,9
2025-11-24T17:37:26.839;92;15,9
2025-11-24T17:37:28.458;92;15,9
2025-11-24T17:37:29.269;91;16,8
2025-11-24T17:37:29.671;91;14,4
2025-11-24T17:37:30.888;91;14,4
2025-11-24T17:37:31.700;89;14,3
2025-11-24T17:37:32.509;88;16,9
2025-11-24T17:37:33.723;86;17,0
2025-11-24T17:37:34.534;85;17,0
2025-11-24T17:37:35.749;86;18,7
2025-11-24T17:37:36.558;87;19,4
2025-11-24T17:37:38.582;89;20,1
2025-11-24T17:37:38.584;90;20,1
2025-11-24T17:37:39.798;90;20,3
2025-11-24T17:37:40.610;89;22,3
2025-11-24T17:37:41.822;88;21,3
2025-11-24T17:37:42.633;88;21,2
2025-11-24T17:37:44.252;88;21,2
2025-11-24T17:37:44.654;88;21,2
2025-11-24T17:37:46.279;85;23,1
2025-11-24T17:37:46.683;84;22,9
2025-11-24T17:37:47.493;85;24,9
2025-11-24T17:37:48.708;86;25,9
2025-11-24T17:37:49.516;88;25,4
2025-11-24T17:37:50.730;88;25,4
2025-11-24T17:37:51.544;88;25,7
2025-11-24T17:37:52.760;89;23,4
2025-11-24T17:37:53.566;90;23,9
2025-11-24T17:37:55.592;91;24,2
2025-11-24T17:37:56.410;93;22,3
2025-11-24T17:37:56.809;93;22,1
2025-11-24T17:37:57.615;89;26,9
2025-11-24T17:37:58.833;87;26,9
2025-11-24T17:37:59.640;87;26,7
2025-11-24T17:38:00.857;87;26,3
2025-11-24T17:38:01.666;87;26,3
2025-11-24T17:38:02.883;86;25,7
2025-11-24T17:38:04.098;87;25,7
2025-11-24T17:38:04.908;87;24,4
2025-11-24T17:38:05.716;90;24,6
2025-11-24T17:38:07.338;91;24,6
2025-11-24T17:38:07.741;92;22,6
2025-11-24T17:38:08.554;89;25,4
2025-11-24T17:38:09.766;88;25,4
2025-11-24T17:38:10.579;87;25,2
2025-11-24T17:38:11.792;88;26,3
2025-11-24T17:38:12.602;89;26,9
2025-11-24T17:38:14.633;90;26,5
2025-11-24T17:38:14.636;89;27,0
2025-11-24T17:38:15.843;89;27,0
2025-11-24T17:38:16.650;89;21,9
2025-11-24T17:38:17.870;89;21,4
2025-11-24T17:38:18.680;90;21,4
2025-11-24T17:38:19.894;88;21,3
2025-11-24T17:38:20.702;87;22,6
2025-11-24T17:38:21.512;85;22,6
2025-11-24T17:38:22.728;85;23,8
2025-11-24T17:38:23.536;87;24,7
2025-11-24T17:38:24.753;87;24,2
2025-11-24T17:38:25.970;87;23,7
2025-11-24T17:38:26.778;86;24,6
2025-11-24T17:38:27.590;85;24,6
2025-11-24T17:38:28.807;86;21,1
2025-11-24T17:38:29.612;87;21,1
2025-11-24T17:38:30.828;87;21,0
2025-11-24T17:38:32.853;87;20,0
2025-11-24T17:38:32.855;87;19,3
2025-11-24T17:38:33.661;87;19,3
2025-11-24T17:38:34.878;88;19,6
2025-11-24T17:38:35.690;88;18,4
2025-11-24T17:38:37.307;87;19,4
2025-11-24T17:38:37.714;85;20,1
2025-11-24T17:38:38.522;85;20,1
2025-11-24T17:38:39.739;86;20,9
2025-11-24T17:38:40.549;87;19,2
2025-11-24T17:38:41.760;87;19,4
2025-11-24T17:38:42.571;87;18,5
2025-11-24T17:38:43.786;86;17,3
2025-11-24T17:38:44.597;86;17,4
2025-11-24T17:38:45.815;88;17,3
2025-11-24T17:38:46.622;89;17,3
2025-11-24T17:38:49.053;89;17,3
2025-11-24T17:38:49.055;87;20,0
2025-11-24T17:38:49.863;86;20,0
2025-11-24T17:38:50.669;87;22,1
2025-11-24T17:38:51.889;89;23,7
2025-11-24T17:38:52.699;98;24,8
2025-11-24T17:38:53.508;100;24,7
2025-11-24T17:38:54.723;103;24,7
2025-11-24T17:38:55.533;102;24,4
2025-11-24T17:38:56.747;98;26,3
2025-11-24T17:38:57.558;96;25,7
2025-11-24T17:38:58.773;95;24,7
2025-11-24T17:38:59.581;95;25,0
2025-11-24T17:39:00.798;96;24,9
2025-11-24T17:39:01.608;96;24,4
2025-11-24T17:39:02.824;96;24,4
2025-11-24T17:39:03.631;96;23,8
2025-11-24T17:39:04.847;97;23,6
2025-11-24T17:39:05.655;98;23,6
2025-11-24T17:39:06.873;99;22,6
2025-11-24T17:39:08.494;97;20,7
2025-11-24T17:39:08.496;89;32,0
2025-11-24T17:39:09.707;87;31,1
2025-11-24T17:39:10.520;85;29,6
2025-11-24T17:39:12.139;84;29,5
2025-11-24T17:39:12.543;85;30,1
2025-11-24T17:39:13.759;86;30,7
2025-11-24T17:39:14.568;88;30,4
2025-11-24T17:39:16.188;88;29,1
2025-11-24T17:39:18.214;86;31,8
2025-11-24T17:39:18.217;85;31,8
2025-11-24T17:39:18.616;85;32,0
2025-11-24T17:39:19.832;85;32,8
2025-11-24T17:39:20.641;86;32,8
2025-11-24T17:39:21.857;87;32,8
2025-11-24T17:39:22.666;87;33,1
2025-11-24T17:39:23.885;86;33,2
2025-11-24T17:39:24.694;87;33,9
2025-11-24T17:39:26.313;88;34,1
2025-11-24T17:39:26.718;89;34,3
2025-11-24T17:39:27.528;90;34,3
2025-11-24T17:39:28.744;88;31,5
2025-11-24T17:39:29.553;86;33,3
2025-11-24T17:39:31.173;83;33,3
2025-11-24T17:39:31.576;83;33,6
2025-11-24T17:39:32.796;84;35,3
2025-11-24T17:39:34.003;86;35,3
2025-11-24T17:39:35.223;88;35,7
2025-11-24T17:39:35.628;90;35,7
2025-11-24T17:39:36.843;89;38,7
2025-11-24T17:39:38.464;85;39,9
2025-11-24T17:39:38.868;84;39,9
2025-11-24T17:39:39.673;84;40,3
2025-11-24T17:39:40.894;85;40,6
2025-11-24T17:39:41.703;86;40,6
2025-11-24T17:39:42.513;85;40,6
2025-11-24T17:39:43.728;84;40,5
2025-11-24T17:39:44.540;85;41,0
2025-11-24T17:39:45.752;88;40,8
2025-11-24T17:39:46.562;90;40,9
2025-11-24T17:39:48.185;93;40,9
2025-11-24T17:39:48.589;93;35,4
2025-11-24T17:39:49.805;92;35,0
2025-11-24T17:39:50.611;90;35,0
2025-11-24T17:39:51.827;90;32,8
2025-11-24T17:39:53.037;90;32,3
2025-11-24T17:39:53.852;91;31,7
2025-11-24T17:39:54.664;92;31,1
2025-11-24T17:39:55.877;90;33,2
2025-11-24T17:39:56.688;87;25,7
2025-11-24T17:39:58.308;86;25,7
2025-11-24T17:39:58.712;87;26,7
2025-11-24T17:39:59.523;87;25,0
2025-11-24T17:40:01.548;88;25,0
2025-11-24T17:40:01.953;87;25,0
2025-11-24T17:40:02.765;87;24,9
2025-11-24T17:40:03.570;88;25,2
2025-11-24T17:40:04.787;89;24,9
2025-11-24T17:40:06.003;90;23,7
2025-11-24T17:40:06.811;89;23,6
2025-11-24T17:40:07.621;87;29,3
